1,16642,0,0.0039062,1,1,0
5,16643,0.5,0.50391,1,1,0
2,16644,0,0.0039062,2,1,0
6,16645,0.5,0.50391,2,1,0
3,16646,0,0.0039062,3,1,0
7,16647,0.5,0.50391,3,1,0
4,16648,0,0.0039062,4,1,0
8,16649,0.5,0.50391,4,1,0
10,16650,0.25,0.25391,1,1,0
11,16651,0.75,0.75391,1,1,0
12,16652,0.25,0.25391,2,1,0
13,16653,0.75,0.75391,2,1,0
14,16654,0.25,0.25391,3,1,0
15,16655,0.75,0.75391,3,1,0
16,16656,0.25,0.25391,4,1,0
17,16657,0.75,0.75391,4,1,0
26,16658,0.125,0.12891,1,1,0
27,16659,0.625,0.62891,1,1,0
28,16660,0.125,0.12891,2,1,0
29,16661,0.625,0.62891,2,1,0
30,16662,0.125,0.12891,3,1,0
31,16663,0.625,0.62891,3,1,0
32,16664,0.125,0.12891,4,1,0
33,16665,0.625,0.62891,4,1,0
34,16666,0.375,0.37891,1,1,0
35,16667,0.875,0.87891,1,1,0
36,16668,0.375,0.37891,2,1,0
37,16669,0.875,0.87891,2,1,0
38,16670,0.375,0.37891,3,1,0
39,16671,0.875,0.87891,3,1,0
40,16672,0.375,0.37891,4,1,0
41,16673,0.875,0.87891,4,1,0
82,16674,0.0625,0.066406,1,1,0
83,16675,0.5625,0.56641,1,1,0
84,16676,0.0625,0.066406,2,1,0
85,16677,0.5625,0.56641,2,1,0
86,16678,0.0625,0.066406,3,1,0
87,16679,0.5625,0.56641,3,1,0
88,16680,0.0625,0.066406,4,1,0
89,16681,0.5625,0.56641,4,1,0
90,16682,0.3125,0.31641,1,1,0
91,16683,0.8125,0.81641,1,1,0
92,16684,0.3125,0.31641,2,1,0
93,16685,0.8125,0.81641,2,1,0
94,16686,0.3125,0.31641,3,1,0
95,16687,0.8125,0.81641,3,1,0
96,16688,0.3125,0.31641,4,1,0
97,16689,0.8125,0.81641,4,1,0
98,16690,0.1875,0.19141,1,1,0
99,16691,0.6875,0.69141,1,1,0
100,16692,0.1875,0.19141,2,1,0
101,16693,0.6875,0.69141,2,1,0
102,16694,0.1875,0.19141,3,1,0
103,16695,0.6875,0.69141,3,1,0
104,16696,0.1875,0.19141,4,1,0
105,16697,0.6875,0.69141,4,1,0
106,16698,0.4375,0.44141,1,1,0
107,16699,0.9375,0.94141,1,1,0
108,16700,0.4375,0.44141,2,1,0
109,16701,0.9375,0.94141,2,1,0
110,16702,0.4375,0.44141,3,1,0
111,16703,0.9375,0.94141,3,1,0
112,16704,0.4375,0.44141,4,1,0
113,16705,0.9375,0.94141,4,1,0
290,16706,0.03125,0.035156,1,1,0
291,16707,0.53125,0.53516,1,1,0
292,16708,0.03125,0.035156,2,1,0
293,16709,0.53125,0.53516,2,1,0
294,16710,0.03125,0.035156,3,1,0
295,16711,0.53125,0.53516,3,1,0
296,16712,0.03125,0.035156,4,1,0
297,16713,0.53125,0.53516,4,1,0
298,16714,0.28125,0.28516,1,1,0
299,16715,0.78125,0.78516,1,1,0
300,16716,0.28125,0.28516,2,1,0
301,16717,0.78125,0.78516,2,1,0
302,16718,0.28125,0.28516,3,1,0
303,16719,0.78125,0.78516,3,1,0
304,16720,0.28125,0.28516,4,1,0
305,16721,0.78125,0.78516,4,1,0
306,16722,0.15625,0.16016,1,1,0
307,16723,0.65625,0.66016,1,1,0
308,16724,0.15625,0.16016,2,1,0
309,16725,0.65625,0.66016,2,1,0
310,16726,0.15625,0.16016,3,1,0
311,16727,0.65625,0.66016,3,1,0
312,16728,0.15625,0.16016,4,1,0
313,16729,0.65625,0.66016,4,1,0
314,16730,0.40625,0.41016,1,1,0
315,16731,0.90625,0.91016,1,1,0
316,16732,0.40625,0.41016,2,1,0
317,16733,0.90625,0.91016,2,1,0
318,16734,0.40625,0.41016,3,1,0
319,16735,0.90625,0.91016,3,1,0
320,16736,0.40625,0.41016,4,1,0
321,16737,0.90625,0.91016,4,1,0
322,16738,0.09375,0.097656,1,1,0
323,16739,0.59375,0.59766,1,1,0
324,16740,0.09375,0.097656,2,1,0
325,16741,0.59375,0.59766,2,1,0
326,16742,0.09375,0.097656,3,1,0
327,16743,0.59375,0.59766,3,1,0
328,16744,0.09375,0.097656,4,1,0
329,16745,0.59375,0.59766,4,1,0
330,16746,0.34375,0.34766,1,1,0
331,16747,0.84375,0.84766,1,1,0
332,16748,0.34375,0.34766,2,1,0
333,16749,0.84375,0.84766,2,1,0
334,16750,0.34375,0.34766,3,1,0
335,16751,0.84375,0.84766,3,1,0
336,16752,0.34375,0.34766,4,1,0
337,16753,0.84375,0.84766,4,1,0
338,16754,0.21875,0.22266,1,1,0
339,16755,0.71875,0.72266,1,1,0
340,16756,0.21875,0.22266,2,1,0
341,16757,0.71875,0.72266,2,1,0
342,16758,0.21875,0.22266,3,1,0
343,16759,0.71875,0.72266,3,1,0
344,16760,0.21875,0.22266,4,1,0
345,16761,0.71875,0.72266,4,1,0
346,16762,0.46875,0.47266,1,1,0
347,16763,0.96875,0.97266,1,1,0
348,16764,0.46875,0.47266,2,1,0
349,16765,0.96875,0.97266,2,1,0
350,16766,0.46875,0.47266,3,1,0
351,16767,0.96875,0.97266,3,1,0
352,16768,0.46875,0.47266,4,1,0
353,16769,0.96875,0.97266,4,1,0
1090,16770,0.015625,0.019531,1,1,0
1091,16771,0.51562,0.51953,1,1,0
1092,16772,0.015625,0.019531,2,1,0
1093,16773,0.51562,0.51953,2,1,0
1094,16774,0.015625,0.019531,3,1,0
1095,16775,0.51562,0.51953,3,1,0
1096,16776,0.015625,0.019531,4,1,0
1097,16777,0.51562,0.51953,4,1,0
1098,16778,0.26562,0.26953,1,1,0
1099,16779,0.76562,0.76953,1,1,0
1100,16780,0.26562,0.26953,2,1,0
1101,16781,0.76562,0.76953,2,1,0
1102,16782,0.26562,0.26953,3,1,0
1103,16783,0.76562,0.76953,3,1,0
1104,16784,0.26562,0.26953,4,1,0
1105,16785,0.76562,0.76953,4,1,0
1106,16786,0.14062,0.14453,1,1,0
1107,16787,0.64062,0.64453,1,1,0
1108,16788,0.14062,0.14453,2,1,0
1109,16789,0.64062,0.64453,2,1,0
1110,16790,0.14062,0.14453,3,1,0
1111,16791,0.64062,0.64453,3,1,0
1112,16792,0.14062,0.14453,4,1,0
1113,16793,0.64062,0.64453,4,1,0
1114,16794,0.39062,0.39453,1,1,0
1115,16795,0.89062,0.89453,1,1,0
1116,16796,0.39062,0.39453,2,1,0
1117,16797,0.89062,0.89453,2,1,0
1118,16798,0.39062,0.39453,3,1,0
1119,16799,0.89062,0.89453,3,1,0
1120,16800,0.39062,0.39453,4,1,0
1121,16801,0.89062,0.89453,4,1,0
1122,16802,0.078125,0.082031,1,1,0
1123,16803,0.57812,0.58203,1,1,0
1124,16804,0.078125,0.082031,2,1,0
1125,16805,0.57812,0.58203,2,1,0
1126,16806,0.078125,0.082031,3,1,0
1127,16807,0.57812,0.58203,3,1,0
1128,16808,0.078125,0.082031,4,1,0
1129,16809,0.57812,0.58203,4,1,0
1130,16810,0.32812,0.33203,1,1,0
1131,16811,0.82812,0.83203,1,1,0
1132,16812,0.32812,0.33203,2,1,0
1133,16813,0.82812,0.83203,2,1,0
1134,16814,0.32812,0.33203,3,1,0
1135,16815,0.82812,0.83203,3,1,0
1136,16816,0.32812,0.33203,4,1,0
1137,16817,0.82812,0.83203,4,1,0
1138,16818,0.20312,0.20703,1,1,0
1139,16819,0.70312,0.70703,1,1,0
1140,16820,0.20312,0.20703,2,1,0
1141,16821,0.70312,0.70703,2,1,0
1142,16822,0.20312,0.20703,3,1,0
1143,16823,0.70312,0.70703,3,1,0
1144,16824,0.20312,0.20703,4,1,0
1145,16825,0.70312,0.70703,4,1,0
1146,16826,0.45312,0.45703,1,1,0
1147,16827,0.95312,0.95703,1,1,0
1148,16828,0.45312,0.45703,2,1,0
1149,16829,0.95312,0.95703,2,1,0
1150,16830,0.45312,0.45703,3,1,0
1151,16831,0.95312,0.95703,3,1,0
1152,16832,0.45312,0.45703,4,1,0
1153,16833,0.95312,0.95703,4,1,0
1154,16834,0.046875,0.050781,1,1,0
1155,16835,0.54688,0.55078,1,1,0
1156,16836,0.046875,0.050781,2,1,0
1157,16837,0.54688,0.55078,2,1,0
1158,16838,0.046875,0.050781,3,1,0
1159,16839,0.54688,0.55078,3,1,0
1160,16840,0.046875,0.050781,4,1,0
1161,16841,0.54688,0.55078,4,1,0
1162,16842,0.29688,0.30078,1,1,0
1163,16843,0.79688,0.80078,1,1,0
1164,16844,0.29688,0.30078,2,1,0
1165,16845,0.79688,0.80078,2,1,0
1166,16846,0.29688,0.30078,3,1,0
1167,16847,0.79688,0.80078,3,1,0
1168,16848,0.29688,0.30078,4,1,0
1169,16849,0.79688,0.80078,4,1,0
1170,16850,0.17188,0.17578,1,1,0
1171,16851,0.67188,0.67578,1,1,0
1172,16852,0.17188,0.17578,2,1,0
1173,16853,0.67188,0.67578,2,1,0
1174,16854,0.17188,0.17578,3,1,0
1175,16855,0.67188,0.67578,3,1,0
1176,16856,0.17188,0.17578,4,1,0
1177,16857,0.67188,0.67578,4,1,0
1178,16858,0.42188,0.42578,1,1,0
1179,16859,0.92188,0.92578,1,1,0
1180,16860,0.42188,0.42578,2,1,0
1181,16861,0.92188,0.92578,2,1,0
1182,16862,0.42188,0.42578,3,1,0
1183,16863,0.92188,0.92578,3,1,0
1184,16864,0.42188,0.42578,4,1,0
1185,16865,0.92188,0.92578,4,1,0
1186,16866,0.10938,0.11328,1,1,0
1187,16867,0.60938,0.61328,1,1,0
1188,16868,0.10938,0.11328,2,1,0
1189,16869,0.60938,0.61328,2,1,0
1190,16870,0.10938,0.11328,3,1,0
1191,16871,0.60938,0.61328,3,1,0
1192,16872,0.10938,0.11328,4,1,0
1193,16873,0.60938,0.61328,4,1,0
1194,16874,0.35938,0.36328,1,1,0
1195,16875,0.85938,0.86328,1,1,0
1196,16876,0.35938,0.36328,2,1,0
1197,16877,0.85938,0.86328,2,1,0
1198,16878,0.35938,0.36328,3,1,0
1199,16879,0.85938,0.86328,3,1,0
1200,16880,0.35938,0.36328,4,1,0
1201,16881,0.85938,0.86328,4,1,0
1202,16882,0.23438,0.23828,1,1,0
1203,16883,0.73438,0.73828,1,1,0
1204,16884,0.23438,0.23828,2,1,0
1205,16885,0.73438,0.73828,2,1,0
1206,16886,0.23438,0.23828,3,1,0
1207,16887,0.73438,0.73828,3,1,0
1208,16888,0.23438,0.23828,4,1,0
1209,16889,0.73438,0.73828,4,1,0
1210,16890,0.48438,0.48828,1,1,0
1211,16891,0.98438,0.98828,1,1,0
1212,16892,0.48438,0.48828,2,1,0
1213,16893,0.98438,0.98828,2,1,0
1214,16894,0.48438,0.48828,3,1,0
1215,16895,0.98438,0.98828,3,1,0
1216,16896,0.48438,0.48828,4,1,0
1217,16897,0.98438,0.98828,4,1,0
4226,16898,0.0078125,0.011719,1,1,0
4227,16899,0.50781,0.51172,1,1,0
4228,16900,0.0078125,0.011719,2,1,0
4229,16901,0.50781,0.51172,2,1,0
4230,16902,0.0078125,0.011719,3,1,0
4231,16903,0.50781,0.51172,3,1,0
4232,16904,0.0078125,0.011719,4,1,0
4233,16905,0.50781,0.51172,4,1,0
4234,16906,0.25781,0.26172,1,1,0
4235,16907,0.75781,0.76172,1,1,0
4236,16908,0.25781,0.26172,2,1,0
4237,16909,0.75781,0.76172,2,1,0
4238,16910,0.25781,0.26172,3,1,0
4239,16911,0.75781,0.76172,3,1,0
4240,16912,0.25781,0.26172,4,1,0
4241,16913,0.75781,0.76172,4,1,0
4242,16914,0.13281,0.13672,1,1,0
4243,16915,0.63281,0.63672,1,1,0
4244,16916,0.13281,0.13672,2,1,0
4245,16917,0.63281,0.63672,2,1,0
4246,16918,0.13281,0.13672,3,1,0
4247,16919,0.63281,0.63672,3,1,0
4248,16920,0.13281,0.13672,4,1,0
4249,16921,0.63281,0.63672,4,1,0
4250,16922,0.38281,0.38672,1,1,0
4251,16923,0.88281,0.88672,1,1,0
4252,16924,0.38281,0.38672,2,1,0
4253,16925,0.88281,0.88672,2,1,0
4254,16926,0.38281,0.38672,3,1,0
4255,16927,0.88281,0.88672,3,1,0
4256,16928,0.38281,0.38672,4,1,0
4257,16929,0.88281,0.88672,4,1,0
4258,16930,0.070312,0.074219,1,1,0
4259,16931,0.57031,0.57422,1,1,0
4260,16932,0.070312,0.074219,2,1,0
4261,16933,0.57031,0.57422,2,1,0
4262,16934,0.070312,0.074219,3,1,0
4263,16935,0.57031,0.57422,3,1,0
4264,16936,0.070312,0.074219,4,1,0
4265,16937,0.57031,0.57422,4,1,0
4266,16938,0.32031,0.32422,1,1,0
4267,16939,0.82031,0.82422,1,1,0
4268,16940,0.32031,0.32422,2,1,0
4269,16941,0.82031,0.82422,2,1,0
4270,16942,0.32031,0.32422,3,1,0
4271,16943,0.82031,0.82422,3,1,0
4272,16944,0.32031,0.32422,4,1,0
4273,16945,0.82031,0.82422,4,1,0
4274,16946,0.19531,0.19922,1,1,0
4275,16947,0.69531,0.69922,1,1,0
4276,16948,0.19531,0.19922,2,1,0
4277,16949,0.69531,0.69922,2,1,0
4278,16950,0.19531,0.19922,3,1,0
4279,16951,0.69531,0.69922,3,1,0
4280,16952,0.19531,0.19922,4,1,0
4281,16953,0.69531,0.69922,4,1,0
4282,16954,0.44531,0.44922,1,1,0
4283,16955,0.94531,0.94922,1,1,0
4284,16956,0.44531,0.44922,2,1,0
4285,16957,0.94531,0.94922,2,1,0
4286,16958,0.44531,0.44922,3,1,0
4287,16959,0.94531,0.94922,3,1,0
4288,16960,0.44531,0.44922,4,1,0
4289,16961,0.94531,0.94922,4,1,0
4290,16962,0.039062,0.042969,1,1,0
4291,16963,0.53906,0.54297,1,1,0
4292,16964,0.039062,0.042969,2,1,0
4293,16965,0.53906,0.54297,2,1,0
4294,16966,0.039062,0.042969,3,1,0
4295,16967,0.53906,0.54297,3,1,0
4296,16968,0.039062,0.042969,4,1,0
4297,16969,0.53906,0.54297,4,1,0
4298,16970,0.28906,0.29297,1,1,0
4299,16971,0.78906,0.79297,1,1,0
4300,16972,0.28906,0.29297,2,1,0
4301,16973,0.78906,0.79297,2,1,0
4302,16974,0.28906,0.29297,3,1,0
4303,16975,0.78906,0.79297,3,1,0
4304,16976,0.28906,0.29297,4,1,0
4305,16977,0.78906,0.79297,4,1,0
4306,16978,0.16406,0.16797,1,1,0
4307,16979,0.66406,0.66797,1,1,0
4308,16980,0.16406,0.16797,2,1,0
4309,16981,0.66406,0.66797,2,1,0
4310,16982,0.16406,0.16797,3,1,0
4311,16983,0.66406,0.66797,3,1,0
4312,16984,0.16406,0.16797,4,1,0
4313,16985,0.66406,0.66797,4,1,0
4314,16986,0.41406,0.41797,1,1,0
4315,16987,0.91406,0.91797,1,1,0
4316,16988,0.41406,0.41797,2,1,0
4317,16989,0.91406,0.91797,2,1,0
4318,16990,0.41406,0.41797,3,1,0
4319,16991,0.91406,0.91797,3,1,0
4320,16992,0.41406,0.41797,4,1,0
4321,16993,0.91406,0.91797,4,1,0
4322,16994,0.10156,0.10547,1,1,0
4323,16995,0.60156,0.60547,1,1,0
4324,16996,0.10156,0.10547,2,1,0
4325,16997,0.60156,0.60547,2,1,0
4326,16998,0.10156,0.10547,3,1,0
4327,16999,0.60156,0.60547,3,1,0
4328,17000,0.10156,0.10547,4,1,0
4329,17001,0.60156,0.60547,4,1,0
4330,17002,0.35156,0.35547,1,1,0
4331,17003,0.85156,0.85547,1,1,0
4332,17004,0.35156,0.35547,2,1,0
4333,17005,0.85156,0.85547,2,1,0
4334,17006,0.35156,0.35547,3,1,0
4335,17007,0.85156,0.85547,3,1,0
4336,17008,0.35156,0.35547,4,1,0
4337,17009,0.85156,0.85547,4,1,0
4338,17010,0.22656,0.23047,1,1,0
4339,17011,0.72656,0.73047,1,1,0
4340,17012,0.22656,0.23047,2,1,0
4341,17013,0.72656,0.73047,2,1,0
4342,17014,0.22656,0.23047,3,1,0
4343,17015,0.72656,0.73047,3,1,0
4344,17016,0.22656,0.23047,4,1,0
4345,17017,0.72656,0.73047,4,1,0
4346,17018,0.47656,0.48047,1,1,0
4347,17019,0.97656,0.98047,1,1,0
4348,17020,0.47656,0.48047,2,1,0
4349,17021,0.97656,0.98047,2,1,0
4350,17022,0.47656,0.48047,3,1,0
4351,17023,0.97656,0.98047,3,1,0
4352,17024,0.47656,0.48047,4,1,0
4353,17025,0.97656,0.98047,4,1,0
4354,17026,0.023438,0.027344,1,1,0
4355,17027,0.52344,0.52734,1,1,0
4356,17028,0.023438,0.027344,2,1,0
4357,17029,0.52344,0.52734,2,1,0
4358,17030,0.023438,0.027344,3,1,0
4359,17031,0.52344,0.52734,3,1,0
4360,17032,0.023438,0.027344,4,1,0
4361,17033,0.52344,0.52734,4,1,0
4362,17034,0.27344,0.27734,1,1,0
4363,17035,0.77344,0.77734,1,1,0
4364,17036,0.27344,0.27734,2,1,0
4365,17037,0.77344,0.77734,2,1,0
4366,17038,0.27344,0.27734,3,1,0
4367,17039,0.77344,0.77734,3,1,0
4368,17040,0.27344,0.27734,4,1,0
4369,17041,0.77344,0.77734,4,1,0
4370,17042,0.14844,0.15234,1,1,0
4371,17043,0.64844,0.65234,1,1,0
4372,17044,0.14844,0.15234,2,1,0
4373,17045,0.64844,0.65234,2,1,0
4374,17046,0.14844,0.15234,3,1,0
4375,17047,0.64844,0.65234,3,1,0
4376,17048,0.14844,0.15234,4,1,0
4377,17049,0.64844,0.65234,4,1,0
4378,17050,0.39844,0.40234,1,1,0
4379,17051,0.89844,0.90234,1,1,0
4380,17052,0.39844,0.40234,2,1,0
4381,17053,0.89844,0.90234,2,1,0
4382,17054,0.39844,0.40234,3,1,0
4383,17055,0.89844,0.90234,3,1,0
4384,17056,0.39844,0.40234,4,1,0
4385,17057,0.89844,0.90234,4,1,0
4386,17058,0.085938,0.089844,1,1,0
4387,17059,0.58594,0.58984,1,1,0
4388,17060,0.085938,0.089844,2,1,0
4389,17061,0.58594,0.58984,2,1,0
4390,17062,0.085938,0.089844,3,1,0
4391,17063,0.58594,0.58984,3,1,0
4392,17064,0.085938,0.089844,4,1,0
4393,17065,0.58594,0.58984,4,1,0
4394,17066,0.33594,0.33984,1,1,0
4395,17067,0.83594,0.83984,1,1,0
4396,17068,0.33594,0.33984,2,1,0
4397,17069,0.83594,0.83984,2,1,0
4398,17070,0.33594,0.33984,3,1,0
4399,17071,0.83594,0.83984,3,1,0
4400,17072,0.33594,0.33984,4,1,0
4401,17073,0.83594,0.83984,4,1,0
4402,17074,0.21094,0.21484,1,1,0
4403,17075,0.71094,0.71484,1,1,0
4404,17076,0.21094,0.21484,2,1,0
4405,17077,0.71094,0.71484,2,1,0
4406,17078,0.21094,0.21484,3,1,0
4407,17079,0.71094,0.71484,3,1,0
4408,17080,0.21094,0.21484,4,1,0
4409,17081,0.71094,0.71484,4,1,0
4410,17082,0.46094,0.46484,1,1,0
4411,17083,0.96094,0.96484,1,1,0
4412,17084,0.46094,0.46484,2,1,0
4413,17085,0.96094,0.96484,2,1,0
4414,17086,0.46094,0.46484,3,1,0
4415,17087,0.96094,0.96484,3,1,0
4416,17088,0.46094,0.46484,4,1,0
4417,17089,0.96094,0.96484,4,1,0
4418,17090,0.054688,0.058594,1,1,0
4419,17091,0.55469,0.55859,1,1,0
4420,17092,0.054688,0.058594,2,1,0
4421,17093,0.55469,0.55859,2,1,0
4422,17094,0.054688,0.058594,3,1,0
4423,17095,0.55469,0.55859,3,1,0
4424,17096,0.054688,0.058594,4,1,0
4425,17097,0.55469,0.55859,4,1,0
4426,17098,0.30469,0.30859,1,1,0
4427,17099,0.80469,0.80859,1,1,0
4428,17100,0.30469,0.30859,2,1,0
4429,17101,0.80469,0.80859,2,1,0
4430,17102,0.30469,0.30859,3,1,0
4431,17103,0.80469,0.80859,3,1,0
4432,17104,0.30469,0.30859,4,1,0
4433,17105,0.80469,0.80859,4,1,0
4434,17106,0.17969,0.18359,1,1,0
4435,17107,0.67969,0.68359,1,1,0
4436,17108,0.17969,0.18359,2,1,0
4437,17109,0.67969,0.68359,2,1,0
4438,17110,0.17969,0.18359,3,1,0
4439,17111,0.67969,0.68359,3,1,0
4440,17112,0.17969,0.18359,4,1,0
4441,17113,0.67969,0.68359,4,1,0
4442,17114,0.42969,0.43359,1,1,0
4443,17115,0.92969,0.93359,1,1,0
4444,17116,0.42969,0.43359,2,1,0
4445,17117,0.92969,0.93359,2,1,0
4446,17118,0.42969,0.43359,3,1,0
4447,17119,0.92969,0.93359,3,1,0
4448,17120,0.42969,0.43359,4,1,0
4449,17121,0.92969,0.93359,4,1,0
4450,17122,0.11719,0.12109,1,1,0
4451,17123,0.61719,0.62109,1,1,0
4452,17124,0.11719,0.12109,2,1,0
4453,17125,0.61719,0.62109,2,1,0
4454,17126,0.11719,0.12109,3,1,0
4455,17127,0.61719,0.62109,3,1,0
4456,17128,0.11719,0.12109,4,1,0
4457,17129,0.61719,0.62109,4,1,0
4458,17130,0.36719,0.37109,1,1,0
4459,17131,0.86719,0.87109,1,1,0
4460,17132,0.36719,0.37109,2,1,0
4461,17133,0.86719,0.87109,2,1,0
4462,17134,0.36719,0.37109,3,1,0
4463,17135,0.86719,0.87109,3,1,0
4464,17136,0.36719,0.37109,4,1,0
4465,17137,0.86719,0.87109,4,1,0
4466,17138,0.24219,0.24609,1,1,0
4467,17139,0.74219,0.74609,1,1,0
4468,17140,0.24219,0.24609,2,1,0
4469,17141,0.74219,0.74609,2,1,0
4470,17142,0.24219,0.24609,3,1,0
4471,17143,0.74219,0.74609,3,1,0
4472,17144,0.24219,0.24609,4,1,0
4473,17145,0.74219,0.74609,4,1,0
4474,17146,0.49219,0.49609,1,1,0
4475,17147,0.99219,0.99609,1,1,0
4476,17148,0.49219,0.49609,2,1,0
4477,17149,0.99219,0.99609,2,1,0
4478,17150,0.49219,0.49609,3,1,0
4479,17151,0.99219,0.99609,3,1,0
4480,17152,0.49219,0.49609,4,1,0
4481,17153,0.99219,0.99609,4,1,0
16642,4226,0.0039062,0.0078125,1,1,0
16643,4227,0.50391,0.50781,1,1,0
16644,4228,0.0039062,0.0078125,2,1,0
16645,4229,0.50391,0.50781,2,1,0
16646,4230,0.0039062,0.0078125,3,1,0
16647,4231,0.50391,0.50781,3,1,0
16648,4232,0.0039062,0.0078125,4,1,0
16649,4233,0.50391,0.50781,4,1,0
16650,4234,0.25391,0.25781,1,1,0
16651,4235,0.75391,0.75781,1,1,0
16652,4236,0.25391,0.25781,2,1,0
16653,4237,0.75391,0.75781,2,1,0
16654,4238,0.25391,0.25781,3,1,0
16655,4239,0.75391,0.75781,3,1,0
16656,4240,0.25391,0.25781,4,1,0
16657,4241,0.75391,0.75781,4,1,0
16658,4242,0.12891,0.13281,1,1,0
16659,4243,0.62891,0.63281,1,1,0
16660,4244,0.12891,0.13281,2,1,0
16661,4245,0.62891,0.63281,2,1,0
16662,4246,0.12891,0.13281,3,1,0
16663,4247,0.62891,0.63281,3,1,0
16664,4248,0.12891,0.13281,4,1,0
16665,4249,0.62891,0.63281,4,1,0
16666,4250,0.37891,0.38281,1,1,0
16667,4251,0.87891,0.88281,1,1,0
16668,4252,0.37891,0.38281,2,1,0
16669,4253,0.87891,0.88281,2,1,0
16670,4254,0.37891,0.38281,3,1,0
16671,4255,0.87891,0.88281,3,1,0
16672,4256,0.37891,0.38281,4,1,0
16673,4257,0.87891,0.88281,4,1,0
16674,4258,0.066406,0.070312,1,1,0
16675,4259,0.56641,0.57031,1,1,0
16676,4260,0.066406,0.070312,2,1,0
16677,4261,0.56641,0.57031,2,1,0
16678,4262,0.066406,0.070312,3,1,0
16679,4263,0.56641,0.57031,3,1,0
16680,4264,0.066406,0.070312,4,1,0
16681,4265,0.56641,0.57031,4,1,0
16682,4266,0.31641,0.32031,1,1,0
16683,4267,0.81641,0.82031,1,1,0
16684,4268,0.31641,0.32031,2,1,0
16685,4269,0.81641,0.82031,2,1,0
16686,4270,0.31641,0.32031,3,1,0
16687,4271,0.81641,0.82031,3,1,0
16688,4272,0.31641,0.32031,4,1,0
16689,4273,0.81641,0.82031,4,1,0
16690,4274,0.19141,0.19531,1,1,0
16691,4275,0.69141,0.69531,1,1,0
16692,4276,0.19141,0.19531,2,1,0
16693,4277,0.69141,0.69531,2,1,0
16694,4278,0.19141,0.19531,3,1,0
16695,4279,0.69141,0.69531,3,1,0
16696,4280,0.19141,0.19531,4,1,0
16697,4281,0.69141,0.69531,4,1,0
16698,4282,0.44141,0.44531,1,1,0
16699,4283,0.94141,0.94531,1,1,0
16700,4284,0.44141,0.44531,2,1,0
16701,4285,0.94141,0.94531,2,1,0
16702,4286,0.44141,0.44531,3,1,0
16703,4287,0.94141,0.94531,3,1,0
16704,4288,0.44141,0.44531,4,1,0
16705,4289,0.94141,0.94531,4,1,0
16706,4290,0.035156,0.039062,1,1,0
16707,4291,0.53516,0.53906,1,1,0
16708,4292,0.035156,0.039062,2,1,0
16709,4293,0.53516,0.53906,2,1,0
16710,4294,0.035156,0.039062,3,1,0
16711,4295,0.53516,0.53906,3,1,0
16712,4296,0.035156,0.039062,4,1,0
16713,4297,0.53516,0.53906,4,1,0
16714,4298,0.28516,0.28906,1,1,0
16715,4299,0.78516,0.78906,1,1,0
16716,4300,0.28516,0.28906,2,1,0
16717,4301,0.78516,0.78906,2,1,0
16718,4302,0.28516,0.28906,3,1,0
16719,4303,0.78516,0.78906,3,1,0
16720,4304,0.28516,0.28906,4,1,0
16721,4305,0.78516,0.78906,4,1,0
16722,4306,0.16016,0.16406,1,1,0
16723,4307,0.66016,0.66406,1,1,0
16724,4308,0.16016,0.16406,2,1,0
16725,4309,0.66016,0.66406,2,1,0
16726,4310,0.16016,0.16406,3,1,0
16727,4311,0.66016,0.66406,3,1,0
16728,4312,0.16016,0.16406,4,1,0
16729,4313,0.66016,0.66406,4,1,0
16730,4314,0.41016,0.41406,1,1,0
16731,4315,0.91016,0.91406,1,1,0
16732,4316,0.41016,0.41406,2,1,0
16733,4317,0.91016,0.91406,2,1,0
16734,4318,0.41016,0.41406,3,1,0
16735,4319,0.91016,0.91406,3,1,0
16736,4320,0.41016,0.41406,4,1,0
16737,4321,0.91016,0.91406,4,1,0
16738,4322,0.097656,0.10156,1,1,0
16739,4323,0.59766,0.60156,1,1,0
16740,4324,0.097656,0.10156,2,1,0
16741,4325,0.59766,0.60156,2,1,0
16742,4326,0.097656,0.10156,3,1,0
16743,4327,0.59766,0.60156,3,1,0
16744,4328,0.097656,0.10156,4,1,0
16745,4329,0.59766,0.60156,4,1,0
16746,4330,0.34766,0.35156,1,1,0
16747,4331,0.84766,0.85156,1,1,0
16748,4332,0.34766,0.35156,2,1,0
16749,4333,0.84766,0.85156,2,1,0
16750,4334,0.34766,0.35156,3,1,0
16751,4335,0.84766,0.85156,3,1,0
16752,4336,0.34766,0.35156,4,1,0
16753,4337,0.84766,0.85156,4,1,0
16754,4338,0.22266,0.22656,1,1,0
16755,4339,0.72266,0.72656,1,1,0
16756,4340,0.22266,0.22656,2,1,0
16757,4341,0.72266,0.72656,2,1,0
16758,4342,0.22266,0.22656,3,1,0
16759,4343,0.72266,0.72656,3,1,0
16760,4344,0.22266,0.22656,4,1,0
16761,4345,0.72266,0.72656,4,1,0
16762,4346,0.47266,0.47656,1,1,0
16763,4347,0.97266,0.97656,1,1,0
16764,4348,0.47266,0.47656,2,1,0
16765,4349,0.97266,0.97656,2,1,0
16766,4350,0.47266,0.47656,3,1,0
16767,4351,0.97266,0.97656,3,1,0
16768,4352,0.47266,0.47656,4,1,0
16769,4353,0.97266,0.97656,4,1,0
16770,4354,0.019531,0.023438,1,1,0
16771,4355,0.51953,0.52344,1,1,0
16772,4356,0.019531,0.023438,2,1,0
16773,4357,0.51953,0.52344,2,1,0
16774,4358,0.019531,0.023438,3,1,0
16775,4359,0.51953,0.52344,3,1,0
16776,4360,0.019531,0.023438,4,1,0
16777,4361,0.51953,0.52344,4,1,0
16778,4362,0.26953,0.27344,1,1,0
16779,4363,0.76953,0.77344,1,1,0
16780,4364,0.26953,0.27344,2,1,0
16781,4365,0.76953,0.77344,2,1,0
16782,4366,0.26953,0.27344,3,1,0
16783,4367,0.76953,0.77344,3,1,0
16784,4368,0.26953,0.27344,4,1,0
16785,4369,0.76953,0.77344,4,1,0
16786,4370,0.14453,0.14844,1,1,0
16787,4371,0.64453,0.64844,1,1,0
16788,4372,0.14453,0.14844,2,1,0
16789,4373,0.64453,0.64844,2,1,0
16790,4374,0.14453,0.14844,3,1,0
16791,4375,0.64453,0.64844,3,1,0
16792,4376,0.14453,0.14844,4,1,0
16793,4377,0.64453,0.64844,4,1,0
16794,4378,0.39453,0.39844,1,1,0
16795,4379,0.89453,0.89844,1,1,0
16796,4380,0.39453,0.39844,2,1,0
16797,4381,0.89453,0.89844,2,1,0
16798,4382,0.39453,0.39844,3,1,0
16799,4383,0.89453,0.89844,3,1,0
16800,4384,0.39453,0.39844,4,1,0
16801,4385,0.89453,0.89844,4,1,0
16802,4386,0.082031,0.085938,1,1,0
16803,4387,0.58203,0.58594,1,1,0
16804,4388,0.082031,0.085938,2,1,0
16805,4389,0.58203,0.58594,2,1,0
16806,4390,0.082031,0.085938,3,1,0
16807,4391,0.58203,0.58594,3,1,0
16808,4392,0.082031,0.085938,4,1,0
16809,4393,0.58203,0.58594,4,1,0
16810,4394,0.33203,0.33594,1,1,0
16811,4395,0.83203,0.83594,1,1,0
16812,4396,0.33203,0.33594,2,1,0
16813,4397,0.83203,0.83594,2,1,0
16814,4398,0.33203,0.33594,3,1,0
16815,4399,0.83203,0.83594,3,1,0
16816,4400,0.33203,0.33594,4,1,0
16817,4401,0.83203,0.83594,4,1,0
16818,4402,0.20703,0.21094,1,1,0
16819,4403,0.70703,0.71094,1,1,0
16820,4404,0.20703,0.21094,2,1,0
16821,4405,0.70703,0.71094,2,1,0
16822,4406,0.20703,0.21094,3,1,0
16823,4407,0.70703,0.71094,3,1,0
16824,4408,0.20703,0.21094,4,1,0
16825,4409,0.70703,0.71094,4,1,0
16826,4410,0.45703,0.46094,1,1,0
16827,4411,0.95703,0.96094,1,1,0
16828,4412,0.45703,0.46094,2,1,0
16829,4413,0.95703,0.96094,2,1,0
16830,4414,0.45703,0.46094,3,1,0
16831,4415,0.95703,0.96094,3,1,0
16832,4416,0.45703,0.46094,4,1,0
16833,4417,0.95703,0.96094,4,1,0
16834,4418,0.050781,0.054688,1,1,0
16835,4419,0.55078,0.55469,1,1,0
16836,4420,0.050781,0.054688,2,1,0
16837,4421,0.55078,0.55469,2,1,0
16838,4422,0.050781,0.054688,3,1,0
16839,4423,0.55078,0.55469,3,1,0
16840,4424,0.050781,0.054688,4,1,0
16841,4425,0.55078,0.55469,4,1,0
16842,4426,0.30078,0.30469,1,1,0
16843,4427,0.80078,0.80469,1,1,0
16844,4428,0.30078,0.30469,2,1,0
16845,4429,0.80078,0.80469,2,1,0
16846,4430,0.30078,0.30469,3,1,0
16847,4431,0.80078,0.80469,3,1,0
16848,4432,0.30078,0.30469,4,1,0
16849,4433,0.80078,0.80469,4,1,0
16850,4434,0.17578,0.17969,1,1,0
16851,4435,0.67578,0.67969,1,1,0
16852,4436,0.17578,0.17969,2,1,0
16853,4437,0.67578,0.67969,2,1,0
16854,4438,0.17578,0.17969,3,1,0
16855,4439,0.67578,0.67969,3,1,0
16856,4440,0.17578,0.17969,4,1,0
16857,4441,0.67578,0.67969,4,1,0
16858,4442,0.42578,0.42969,1,1,0
16859,4443,0.92578,0.92969,1,1,0
16860,4444,0.42578,0.42969,2,1,0
16861,4445,0.92578,0.92969,2,1,0
16862,4446,0.42578,0.42969,3,1,0
16863,4447,0.92578,0.92969,3,1,0
16864,4448,0.42578,0.42969,4,1,0
16865,4449,0.92578,0.92969,4,1,0
16866,4450,0.11328,0.11719,1,1,0
16867,4451,0.61328,0.61719,1,1,0
16868,4452,0.11328,0.11719,2,1,0
16869,4453,0.61328,0.61719,2,1,0
16870,4454,0.11328,0.11719,3,1,0
16871,4455,0.61328,0.61719,3,1,0
16872,4456,0.11328,0.11719,4,1,0
16873,4457,0.61328,0.61719,4,1,0
16874,4458,0.36328,0.36719,1,1,0
16875,4459,0.86328,0.86719,1,1,0
16876,4460,0.36328,0.36719,2,1,0
16877,4461,0.86328,0.86719,2,1,0
16878,4462,0.36328,0.36719,3,1,0
16879,4463,0.86328,0.86719,3,1,0
16880,4464,0.36328,0.36719,4,1,0
16881,4465,0.86328,0.86719,4,1,0
16882,4466,0.23828,0.24219,1,1,0
16883,4467,0.73828,0.74219,1,1,0
16884,4468,0.23828,0.24219,2,1,0
16885,4469,0.73828,0.74219,2,1,0
16886,4470,0.23828,0.24219,3,1,0
16887,4471,0.73828,0.74219,3,1,0
16888,4472,0.23828,0.24219,4,1,0
16889,4473,0.73828,0.74219,4,1,0
16890,4474,0.48828,0.49219,1,1,0
16891,4475,0.98828,0.99219,1,1,0
16892,4476,0.48828,0.49219,2,1,0
16893,4477,0.98828,0.99219,2,1,0
16894,4478,0.48828,0.49219,3,1,0
16895,4479,0.98828,0.99219,3,1,0
16896,4480,0.48828,0.49219,4,1,0
16897,4481,0.98828,0.99219,4,1,0
16898,1090,0.011719,0.015625,1,1,0
16899,1091,0.51172,0.51562,1,1,0
16900,1092,0.011719,0.015625,2,1,0
16901,1093,0.51172,0.51562,2,1,0
16902,1094,0.011719,0.015625,3,1,0
16903,1095,0.51172,0.51562,3,1,0
16904,1096,0.011719,0.015625,4,1,0
16905,1097,0.51172,0.51562,4,1,0
16906,1098,0.26172,0.26562,1,1,0
16907,1099,0.76172,0.76562,1,1,0
16908,1100,0.26172,0.26562,2,1,0
16909,1101,0.76172,0.76562,2,1,0
16910,1102,0.26172,0.26562,3,1,0
16911,1103,0.76172,0.76562,3,1,0
16912,1104,0.26172,0.26562,4,1,0
16913,1105,0.76172,0.76562,4,1,0
16914,1106,0.13672,0.14062,1,1,0
16915,1107,0.63672,0.64062,1,1,0
16916,1108,0.13672,0.14062,2,1,0
16917,1109,0.63672,0.64062,2,1,0
16918,1110,0.13672,0.14062,3,1,0
16919,1111,0.63672,0.64062,3,1,0
16920,1112,0.13672,0.14062,4,1,0
16921,1113,0.63672,0.64062,4,1,0
16922,1114,0.38672,0.39062,1,1,0
16923,1115,0.88672,0.89062,1,1,0
16924,1116,0.38672,0.39062,2,1,0
16925,1117,0.88672,0.89062,2,1,0
16926,1118,0.38672,0.39062,3,1,0
16927,1119,0.88672,0.89062,3,1,0
16928,1120,0.38672,0.39062,4,1,0
16929,1121,0.88672,0.89062,4,1,0
16930,1122,0.074219,0.078125,1,1,0
16931,1123,0.57422,0.57812,1,1,0
16932,1124,0.074219,0.078125,2,1,0
16933,1125,0.57422,0.57812,2,1,0
16934,1126,0.074219,0.078125,3,1,0
16935,1127,0.57422,0.57812,3,1,0
16936,1128,0.074219,0.078125,4,1,0
16937,1129,0.57422,0.57812,4,1,0
16938,1130,0.32422,0.32812,1,1,0
16939,1131,0.82422,0.82812,1,1,0
16940,1132,0.32422,0.32812,2,1,0
16941,1133,0.82422,0.82812,2,1,0
16942,1134,0.32422,0.32812,3,1,0
16943,1135,0.82422,0.82812,3,1,0
16944,1136,0.32422,0.32812,4,1,0
16945,1137,0.82422,0.82812,4,1,0
16946,1138,0.19922,0.20312,1,1,0
16947,1139,0.69922,0.70312,1,1,0
16948,1140,0.19922,0.20312,2,1,0
16949,1141,0.69922,0.70312,2,1,0
16950,1142,0.19922,0.20312,3,1,0
16951,1143,0.69922,0.70312,3,1,0
16952,1144,0.19922,0.20312,4,1,0
16953,1145,0.69922,0.70312,4,1,0
16954,1146,0.44922,0.45312,1,1,0
16955,1147,0.94922,0.95312,1,1,0
16956,1148,0.44922,0.45312,2,1,0
16957,1149,0.94922,0.95312,2,1,0
16958,1150,0.44922,0.45312,3,1,0
16959,1151,0.94922,0.95312,3,1,0
16960,1152,0.44922,0.45312,4,1,0
16961,1153,0.94922,0.95312,4,1,0
16962,1154,0.042969,0.046875,1,1,0
16963,1155,0.54297,0.54688,1,1,0
16964,1156,0.042969,0.046875,2,1,0
16965,1157,0.54297,0.54688,2,1,0
16966,1158,0.042969,0.046875,3,1,0
16967,1159,0.54297,0.54688,3,1,0
16968,1160,0.042969,0.046875,4,1,0
16969,1161,0.54297,0.54688,4,1,0
16970,1162,0.29297,0.29688,1,1,0
16971,1163,0.79297,0.79688,1,1,0
16972,1164,0.29297,0.29688,2,1,0
16973,1165,0.79297,0.79688,2,1,0
16974,1166,0.29297,0.29688,3,1,0
16975,1167,0.79297,0.79688,3,1,0
16976,1168,0.29297,0.29688,4,1,0
16977,1169,0.79297,0.79688,4,1,0
16978,1170,0.16797,0.17188,1,1,0
16979,1171,0.66797,0.67188,1,1,0
16980,1172,0.16797,0.17188,2,1,0
16981,1173,0.66797,0.67188,2,1,0
16982,1174,0.16797,0.17188,3,1,0
16983,1175,0.66797,0.67188,3,1,0
16984,1176,0.16797,0.17188,4,1,0
16985,1177,0.66797,0.67188,4,1,0
16986,1178,0.41797,0.42188,1,1,0
16987,1179,0.91797,0.92188,1,1,0
16988,1180,0.41797,0.42188,2,1,0
16989,1181,0.91797,0.92188,2,1,0
16990,1182,0.41797,0.42188,3,1,0
16991,1183,0.91797,0.92188,3,1,0
16992,1184,0.41797,0.42188,4,1,0
16993,1185,0.91797,0.92188,4,1,0
16994,1186,0.10547,0.10938,1,1,0
16995,1187,0.60547,0.60938,1,1,0
16996,1188,0.10547,0.10938,2,1,0
16997,1189,0.60547,0.60938,2,1,0
16998,1190,0.10547,0.10938,3,1,0
16999,1191,0.60547,0.60938,3,1,0
17000,1192,0.10547,0.10938,4,1,0
17001,1193,0.60547,0.60938,4,1,0
17002,1194,0.35547,0.35938,1,1,0
17003,1195,0.85547,0.85938,1,1,0
17004,1196,0.35547,0.35938,2,1,0
17005,1197,0.85547,0.85938,2,1,0
17006,1198,0.35547,0.35938,3,1,0
17007,1199,0.85547,0.85938,3,1,0
17008,1200,0.35547,0.35938,4,1,0
17009,1201,0.85547,0.85938,4,1,0
17010,1202,0.23047,0.23438,1,1,0
17011,1203,0.73047,0.73438,1,1,0
17012,1204,0.23047,0.23438,2,1,0
17013,1205,0.73047,0.73438,2,1,0
17014,1206,0.23047,0.23438,3,1,0
17015,1207,0.73047,0.73438,3,1,0
17016,1208,0.23047,0.23438,4,1,0
17017,1209,0.73047,0.73438,4,1,0
17018,1210,0.48047,0.48438,1,1,0
17019,1211,0.98047,0.98438,1,1,0
17020,1212,0.48047,0.48438,2,1,0
17021,1213,0.98047,0.98438,2,1,0
17022,1214,0.48047,0.48438,3,1,0
17023,1215,0.98047,0.98438,3,1,0
17024,1216,0.48047,0.48438,4,1,0
17025,1217,0.98047,0.98438,4,1,0
17026,290,0.027344,0.03125,1,1,0
17027,291,0.52734,0.53125,1,1,0
17028,292,0.027344,0.03125,2,1,0
17029,293,0.52734,0.53125,2,1,0
17030,294,0.027344,0.03125,3,1,0
17031,295,0.52734,0.53125,3,1,0
17032,296,0.027344,0.03125,4,1,0
17033,297,0.52734,0.53125,4,1,0
17034,298,0.27734,0.28125,1,1,0
17035,299,0.77734,0.78125,1,1,0
17036,300,0.27734,0.28125,2,1,0
17037,301,0.77734,0.78125,2,1,0
17038,302,0.27734,0.28125,3,1,0
17039,303,0.77734,0.78125,3,1,0
17040,304,0.27734,0.28125,4,1,0
17041,305,0.77734,0.78125,4,1,0
17042,306,0.15234,0.15625,1,1,0
17043,307,0.65234,0.65625,1,1,0
17044,308,0.15234,0.15625,2,1,0
17045,309,0.65234,0.65625,2,1,0
17046,310,0.15234,0.15625,3,1,0
17047,311,0.65234,0.65625,3,1,0
17048,312,0.15234,0.15625,4,1,0
17049,313,0.65234,0.65625,4,1,0
17050,314,0.40234,0.40625,1,1,0
17051,315,0.90234,0.90625,1,1,0
17052,316,0.40234,0.40625,2,1,0
17053,317,0.90234,0.90625,2,1,0
17054,318,0.40234,0.40625,3,1,0
17055,319,0.90234,0.90625,3,1,0
17056,320,0.40234,0.40625,4,1,0
17057,321,0.90234,0.90625,4,1,0
17058,322,0.089844,0.09375,1,1,0
17059,323,0.58984,0.59375,1,1,0
17060,324,0.089844,0.09375,2,1,0
17061,325,0.58984,0.59375,2,1,0
17062,326,0.089844,0.09375,3,1,0
17063,327,0.58984,0.59375,3,1,0
17064,328,0.089844,0.09375,4,1,0
17065,329,0.58984,0.59375,4,1,0
17066,330,0.33984,0.34375,1,1,0
17067,331,0.83984,0.84375,1,1,0
17068,332,0.33984,0.34375,2,1,0
17069,333,0.83984,0.84375,2,1,0
17070,334,0.33984,0.34375,3,1,0
17071,335,0.83984,0.84375,3,1,0
17072,336,0.33984,0.34375,4,1,0
17073,337,0.83984,0.84375,4,1,0
17074,338,0.21484,0.21875,1,1,0
17075,339,0.71484,0.71875,1,1,0
17076,340,0.21484,0.21875,2,1,0
17077,341,0.71484,0.71875,2,1,0
17078,342,0.21484,0.21875,3,1,0
17079,343,0.71484,0.71875,3,1,0
17080,344,0.21484,0.21875,4,1,0
17081,345,0.71484,0.71875,4,1,0
17082,346,0.46484,0.46875,1,1,0
17083,347,0.96484,0.96875,1,1,0
17084,348,0.46484,0.46875,2,1,0
17085,349,0.96484,0.96875,2,1,0
17086,350,0.46484,0.46875,3,1,0
17087,351,0.96484,0.96875,3,1,0
17088,352,0.46484,0.46875,4,1,0
17089,353,0.96484,0.96875,4,1,0
17090,82,0.058594,0.0625,1,1,0
17091,83,0.55859,0.5625,1,1,0
17092,84,0.058594,0.0625,2,1,0
17093,85,0.55859,0.5625,2,1,0
17094,86,0.058594,0.0625,3,1,0
17095,87,0.55859,0.5625,3,1,0
17096,88,0.058594,0.0625,4,1,0
17097,89,0.55859,0.5625,4,1,0
17098,90,0.30859,0.3125,1,1,0
17099,91,0.80859,0.8125,1,1,0
17100,92,0.30859,0.3125,2,1,0
17101,93,0.80859,0.8125,2,1,0
17102,94,0.30859,0.3125,3,1,0
17103,95,0.80859,0.8125,3,1,0
17104,96,0.30859,0.3125,4,1,0
17105,97,0.80859,0.8125,4,1,0
17106,98,0.18359,0.1875,1,1,0
17107,99,0.68359,0.6875,1,1,0
17108,100,0.18359,0.1875,2,1,0
17109,101,0.68359,0.6875,2,1,0
17110,102,0.18359,0.1875,3,1,0
17111,103,0.68359,0.6875,3,1,0
17112,104,0.18359,0.1875,4,1,0
17113,105,0.68359,0.6875,4,1,0
17114,106,0.43359,0.4375,1,1,0
17115,107,0.93359,0.9375,1,1,0
17116,108,0.43359,0.4375,2,1,0
17117,109,0.93359,0.9375,2,1,0
17118,110,0.43359,0.4375,3,1,0
17119,111,0.93359,0.9375,3,1,0
17120,112,0.43359,0.4375,4,1,0
17121,113,0.93359,0.9375,4,1,0
17122,26,0.12109,0.125,1,1,0
17123,27,0.62109,0.625,1,1,0
17124,28,0.12109,0.125,2,1,0
17125,29,0.62109,0.625,2,1,0
17126,30,0.12109,0.125,3,1,0
17127,31,0.62109,0.625,3,1,0
17128,32,0.12109,0.125,4,1,0
17129,33,0.62109,0.625,4,1,0
17130,34,0.37109,0.375,1,1,0
17131,35,0.87109,0.875,1,1,0
17132,36,0.37109,0.375,2,1,0
17133,37,0.87109,0.875,2,1,0
17134,38,0.37109,0.375,3,1,0
17135,39,0.87109,0.875,3,1,0
17136,40,0.37109,0.375,4,1,0
17137,41,0.87109,0.875,4,1,0
17138,10,0.24609,0.25,1,1,0
17139,11,0.74609,0.75,1,1,0
17140,12,0.24609,0.25,2,1,0
17141,13,0.74609,0.75,2,1,0
17142,14,0.24609,0.25,3,1,0
17143,15,0.74609,0.75,3,1,0
17144,16,0.24609,0.25,4,1,0
17145,17,0.74609,0.75,4,1,0
17146,5,0.49609,0.5,1,1,0
17147,2,0.99609,1,1,1,0
17148,6,0.49609,0.5,2,1,0
17149,3,0.99609,1,2,1,0
17150,7,0.49609,0.5,3,1,0
17151,4,0.99609,1,3,1,0
17152,8,0.49609,0.5,4,1,0
17153,1,0.99609,1,4,1,0
