1,4226,0,0.0078125,1,1,0
5,4227,0.5,0.50781,1,1,0
2,4228,0,0.0078125,2,1,0
6,4229,0.5,0.50781,2,1,0
3,4230,0,0.0078125,3,1,0
7,4231,0.5,0.50781,3,1,0
4,4232,0,0.0078125,4,1,0
8,4233,0.5,0.50781,4,1,0
10,4234,0.25,0.25781,1,1,0
11,4235,0.75,0.75781,1,1,0
12,4236,0.25,0.25781,2,1,0
13,4237,0.75,0.75781,2,1,0
14,4238,0.25,0.25781,3,1,0
15,4239,0.75,0.75781,3,1,0
16,4240,0.25,0.25781,4,1,0
17,4241,0.75,0.75781,4,1,0
26,4242,0.125,0.13281,1,1,0
27,4243,0.625,0.63281,1,1,0
28,4244,0.125,0.13281,2,1,0
29,4245,0.625,0.63281,2,1,0
30,4246,0.125,0.13281,3,1,0
31,4247,0.625,0.63281,3,1,0
32,4248,0.125,0.13281,4,1,0
33,4249,0.625,0.63281,4,1,0
34,4250,0.375,0.38281,1,1,0
35,4251,0.875,0.88281,1,1,0
36,4252,0.375,0.38281,2,1,0
37,4253,0.875,0.88281,2,1,0
38,4254,0.375,0.38281,3,1,0
39,4255,0.875,0.88281,3,1,0
40,4256,0.375,0.38281,4,1,0
41,4257,0.875,0.88281,4,1,0
82,4258,0.0625,0.070312,1,1,0
83,4259,0.5625,0.57031,1,1,0
84,4260,0.0625,0.070312,2,1,0
85,4261,0.5625,0.57031,2,1,0
86,4262,0.0625,0.070312,3,1,0
87,4263,0.5625,0.57031,3,1,0
88,4264,0.0625,0.070312,4,1,0
89,4265,0.5625,0.57031,4,1,0
90,4266,0.3125,0.32031,1,1,0
91,4267,0.8125,0.82031,1,1,0
92,4268,0.3125,0.32031,2,1,0
93,4269,0.8125,0.82031,2,1,0
94,4270,0.3125,0.32031,3,1,0
95,4271,0.8125,0.82031,3,1,0
96,4272,0.3125,0.32031,4,1,0
97,4273,0.8125,0.82031,4,1,0
98,4274,0.1875,0.19531,1,1,0
99,4275,0.6875,0.69531,1,1,0
100,4276,0.1875,0.19531,2,1,0
101,4277,0.6875,0.69531,2,1,0
102,4278,0.1875,0.19531,3,1,0
103,4279,0.6875,0.69531,3,1,0
104,4280,0.1875,0.19531,4,1,0
105,4281,0.6875,0.69531,4,1,0
106,4282,0.4375,0.44531,1,1,0
107,4283,0.9375,0.94531,1,1,0
108,4284,0.4375,0.44531,2,1,0
109,4285,0.9375,0.94531,2,1,0
110,4286,0.4375,0.44531,3,1,0
111,4287,0.9375,0.94531,3,1,0
112,4288,0.4375,0.44531,4,1,0
113,4289,0.9375,0.94531,4,1,0
290,4290,0.03125,0.039062,1,1,0
291,4291,0.53125,0.53906,1,1,0
292,4292,0.03125,0.039062,2,1,0
293,4293,0.53125,0.53906,2,1,0
294,4294,0.03125,0.039062,3,1,0
295,4295,0.53125,0.53906,3,1,0
296,4296,0.03125,0.039062,4,1,0
297,4297,0.53125,0.53906,4,1,0
298,4298,0.28125,0.28906,1,1,0
299,4299,0.78125,0.78906,1,1,0
300,4300,0.28125,0.28906,2,1,0
301,4301,0.78125,0.78906,2,1,0
302,4302,0.28125,0.28906,3,1,0
303,4303,0.78125,0.78906,3,1,0
304,4304,0.28125,0.28906,4,1,0
305,4305,0.78125,0.78906,4,1,0
306,4306,0.15625,0.16406,1,1,0
307,4307,0.65625,0.66406,1,1,0
308,4308,0.15625,0.16406,2,1,0
309,4309,0.65625,0.66406,2,1,0
310,4310,0.15625,0.16406,3,1,0
311,4311,0.65625,0.66406,3,1,0
312,4312,0.15625,0.16406,4,1,0
313,4313,0.65625,0.66406,4,1,0
314,4314,0.40625,0.41406,1,1,0
315,4315,0.90625,0.91406,1,1,0
316,4316,0.40625,0.41406,2,1,0
317,4317,0.90625,0.91406,2,1,0
318,4318,0.40625,0.41406,3,1,0
319,4319,0.90625,0.91406,3,1,0
320,4320,0.40625,0.41406,4,1,0
321,4321,0.90625,0.91406,4,1,0
322,4322,0.09375,0.10156,1,1,0
323,4323,0.59375,0.60156,1,1,0
324,4324,0.09375,0.10156,2,1,0
325,4325,0.59375,0.60156,2,1,0
326,4326,0.09375,0.10156,3,1,0
327,4327,0.59375,0.60156,3,1,0
328,4328,0.09375,0.10156,4,1,0
329,4329,0.59375,0.60156,4,1,0
330,4330,0.34375,0.35156,1,1,0
331,4331,0.84375,0.85156,1,1,0
332,4332,0.34375,0.35156,2,1,0
333,4333,0.84375,0.85156,2,1,0
334,4334,0.34375,0.35156,3,1,0
335,4335,0.84375,0.85156,3,1,0
336,4336,0.34375,0.35156,4,1,0
337,4337,0.84375,0.85156,4,1,0
338,4338,0.21875,0.22656,1,1,0
339,4339,0.71875,0.72656,1,1,0
340,4340,0.21875,0.22656,2,1,0
341,4341,0.71875,0.72656,2,1,0
342,4342,0.21875,0.22656,3,1,0
343,4343,0.71875,0.72656,3,1,0
344,4344,0.21875,0.22656,4,1,0
345,4345,0.71875,0.72656,4,1,0
346,4346,0.46875,0.47656,1,1,0
347,4347,0.96875,0.97656,1,1,0
348,4348,0.46875,0.47656,2,1,0
349,4349,0.96875,0.97656,2,1,0
350,4350,0.46875,0.47656,3,1,0
351,4351,0.96875,0.97656,3,1,0
352,4352,0.46875,0.47656,4,1,0
353,4353,0.96875,0.97656,4,1,0
1090,4354,0.015625,0.023438,1,1,0
1091,4355,0.51562,0.52344,1,1,0
1092,4356,0.015625,0.023438,2,1,0
1093,4357,0.51562,0.52344,2,1,0
1094,4358,0.015625,0.023438,3,1,0
1095,4359,0.51562,0.52344,3,1,0
1096,4360,0.015625,0.023438,4,1,0
1097,4361,0.51562,0.52344,4,1,0
1098,4362,0.26562,0.27344,1,1,0
1099,4363,0.76562,0.77344,1,1,0
1100,4364,0.26562,0.27344,2,1,0
1101,4365,0.76562,0.77344,2,1,0
1102,4366,0.26562,0.27344,3,1,0
1103,4367,0.76562,0.77344,3,1,0
1104,4368,0.26562,0.27344,4,1,0
1105,4369,0.76562,0.77344,4,1,0
1106,4370,0.14062,0.14844,1,1,0
1107,4371,0.64062,0.64844,1,1,0
1108,4372,0.14062,0.14844,2,1,0
1109,4373,0.64062,0.64844,2,1,0
1110,4374,0.14062,0.14844,3,1,0
1111,4375,0.64062,0.64844,3,1,0
1112,4376,0.14062,0.14844,4,1,0
1113,4377,0.64062,0.64844,4,1,0
1114,4378,0.39062,0.39844,1,1,0
1115,4379,0.89062,0.89844,1,1,0
1116,4380,0.39062,0.39844,2,1,0
1117,4381,0.89062,0.89844,2,1,0
1118,4382,0.39062,0.39844,3,1,0
1119,4383,0.89062,0.89844,3,1,0
1120,4384,0.39062,0.39844,4,1,0
1121,4385,0.89062,0.89844,4,1,0
1122,4386,0.078125,0.085938,1,1,0
1123,4387,0.57812,0.58594,1,1,0
1124,4388,0.078125,0.085938,2,1,0
1125,4389,0.57812,0.58594,2,1,0
1126,4390,0.078125,0.085938,3,1,0
1127,4391,0.57812,0.58594,3,1,0
1128,4392,0.078125,0.085938,4,1,0
1129,4393,0.57812,0.58594,4,1,0
1130,4394,0.32812,0.33594,1,1,0
1131,4395,0.82812,0.83594,1,1,0
1132,4396,0.32812,0.33594,2,1,0
1133,4397,0.82812,0.83594,2,1,0
1134,4398,0.32812,0.33594,3,1,0
1135,4399,0.82812,0.83594,3,1,0
1136,4400,0.32812,0.33594,4,1,0
1137,4401,0.82812,0.83594,4,1,0
1138,4402,0.20312,0.21094,1,1,0
1139,4403,0.70312,0.71094,1,1,0
1140,4404,0.20312,0.21094,2,1,0
1141,4405,0.70312,0.71094,2,1,0
1142,4406,0.20312,0.21094,3,1,0
1143,4407,0.70312,0.71094,3,1,0
1144,4408,0.20312,0.21094,4,1,0
1145,4409,0.70312,0.71094,4,1,0
1146,4410,0.45312,0.46094,1,1,0
1147,4411,0.95312,0.96094,1,1,0
1148,4412,0.45312,0.46094,2,1,0
1149,4413,0.95312,0.96094,2,1,0
1150,4414,0.45312,0.46094,3,1,0
1151,4415,0.95312,0.96094,3,1,0
1152,4416,0.45312,0.46094,4,1,0
1153,4417,0.95312,0.96094,4,1,0
1154,4418,0.046875,0.054688,1,1,0
1155,4419,0.54688,0.55469,1,1,0
1156,4420,0.046875,0.054688,2,1,0
1157,4421,0.54688,0.55469,2,1,0
1158,4422,0.046875,0.054688,3,1,0
1159,4423,0.54688,0.55469,3,1,0
1160,4424,0.046875,0.054688,4,1,0
1161,4425,0.54688,0.55469,4,1,0
1162,4426,0.29688,0.30469,1,1,0
1163,4427,0.79688,0.80469,1,1,0
1164,4428,0.29688,0.30469,2,1,0
1165,4429,0.79688,0.80469,2,1,0
1166,4430,0.29688,0.30469,3,1,0
1167,4431,0.79688,0.80469,3,1,0
1168,4432,0.29688,0.30469,4,1,0
1169,4433,0.79688,0.80469,4,1,0
1170,4434,0.17188,0.17969,1,1,0
1171,4435,0.67188,0.67969,1,1,0
1172,4436,0.17188,0.17969,2,1,0
1173,4437,0.67188,0.67969,2,1,0
1174,4438,0.17188,0.17969,3,1,0
1175,4439,0.67188,0.67969,3,1,0
1176,4440,0.17188,0.17969,4,1,0
1177,4441,0.67188,0.67969,4,1,0
1178,4442,0.42188,0.42969,1,1,0
1179,4443,0.92188,0.92969,1,1,0
1180,4444,0.42188,0.42969,2,1,0
1181,4445,0.92188,0.92969,2,1,0
1182,4446,0.42188,0.42969,3,1,0
1183,4447,0.92188,0.92969,3,1,0
1184,4448,0.42188,0.42969,4,1,0
1185,4449,0.92188,0.92969,4,1,0
1186,4450,0.10938,0.11719,1,1,0
1187,4451,0.60938,0.61719,1,1,0
1188,4452,0.10938,0.11719,2,1,0
1189,4453,0.60938,0.61719,2,1,0
1190,4454,0.10938,0.11719,3,1,0
1191,4455,0.60938,0.61719,3,1,0
1192,4456,0.10938,0.11719,4,1,0
1193,4457,0.60938,0.61719,4,1,0
1194,4458,0.35938,0.36719,1,1,0
1195,4459,0.85938,0.86719,1,1,0
1196,4460,0.35938,0.36719,2,1,0
1197,4461,0.85938,0.86719,2,1,0
1198,4462,0.35938,0.36719,3,1,0
1199,4463,0.85938,0.86719,3,1,0
1200,4464,0.35938,0.36719,4,1,0
1201,4465,0.85938,0.86719,4,1,0
1202,4466,0.23438,0.24219,1,1,0
1203,4467,0.73438,0.74219,1,1,0
1204,4468,0.23438,0.24219,2,1,0
1205,4469,0.73438,0.74219,2,1,0
1206,4470,0.23438,0.24219,3,1,0
1207,4471,0.73438,0.74219,3,1,0
1208,4472,0.23438,0.24219,4,1,0
1209,4473,0.73438,0.74219,4,1,0
1210,4474,0.48438,0.49219,1,1,0
1211,4475,0.98438,0.99219,1,1,0
1212,4476,0.48438,0.49219,2,1,0
1213,4477,0.98438,0.99219,2,1,0
1214,4478,0.48438,0.49219,3,1,0
1215,4479,0.98438,0.99219,3,1,0
1216,4480,0.48438,0.49219,4,1,0
1217,4481,0.98438,0.99219,4,1,0
4226,1090,0.0078125,0.015625,1,1,0
4227,1091,0.50781,0.51562,1,1,0
4228,1092,0.0078125,0.015625,2,1,0
4229,1093,0.50781,0.51562,2,1,0
4230,1094,0.0078125,0.015625,3,1,0
4231,1095,0.50781,0.51562,3,1,0
4232,1096,0.0078125,0.015625,4,1,0
4233,1097,0.50781,0.51562,4,1,0
4234,1098,0.25781,0.26562,1,1,0
4235,1099,0.75781,0.76562,1,1,0
4236,1100,0.25781,0.26562,2,1,0
4237,1101,0.75781,0.76562,2,1,0
4238,1102,0.25781,0.26562,3,1,0
4239,1103,0.75781,0.76562,3,1,0
4240,1104,0.25781,0.26562,4,1,0
4241,1105,0.75781,0.76562,4,1,0
4242,1106,0.13281,0.14062,1,1,0
4243,1107,0.63281,0.64062,1,1,0
4244,1108,0.13281,0.14062,2,1,0
4245,1109,0.63281,0.64062,2,1,0
4246,1110,0.13281,0.14062,3,1,0
4247,1111,0.63281,0.64062,3,1,0
4248,1112,0.13281,0.14062,4,1,0
4249,1113,0.63281,0.64062,4,1,0
4250,1114,0.38281,0.39062,1,1,0
4251,1115,0.88281,0.89062,1,1,0
4252,1116,0.38281,0.39062,2,1,0
4253,1117,0.88281,0.89062,2,1,0
4254,1118,0.38281,0.39062,3,1,0
4255,1119,0.88281,0.89062,3,1,0
4256,1120,0.38281,0.39062,4,1,0
4257,1121,0.88281,0.89062,4,1,0
4258,1122,0.070312,0.078125,1,1,0
4259,1123,0.57031,0.57812,1,1,0
4260,1124,0.070312,0.078125,2,1,0
4261,1125,0.57031,0.57812,2,1,0
4262,1126,0.070312,0.078125,3,1,0
4263,1127,0.57031,0.57812,3,1,0
4264,1128,0.070312,0.078125,4,1,0
4265,1129,0.57031,0.57812,4,1,0
4266,1130,0.32031,0.32812,1,1,0
4267,1131,0.82031,0.82812,1,1,0
4268,1132,0.32031,0.32812,2,1,0
4269,1133,0.82031,0.82812,2,1,0
4270,1134,0.32031,0.32812,3,1,0
4271,1135,0.82031,0.82812,3,1,0
4272,1136,0.32031,0.32812,4,1,0
4273,1137,0.82031,0.82812,4,1,0
4274,1138,0.19531,0.20312,1,1,0
4275,1139,0.69531,0.70312,1,1,0
4276,1140,0.19531,0.20312,2,1,0
4277,1141,0.69531,0.70312,2,1,0
4278,1142,0.19531,0.20312,3,1,0
4279,1143,0.69531,0.70312,3,1,0
4280,1144,0.19531,0.20312,4,1,0
4281,1145,0.69531,0.70312,4,1,0
4282,1146,0.44531,0.45312,1,1,0
4283,1147,0.94531,0.95312,1,1,0
4284,1148,0.44531,0.45312,2,1,0
4285,1149,0.94531,0.95312,2,1,0
4286,1150,0.44531,0.45312,3,1,0
4287,1151,0.94531,0.95312,3,1,0
4288,1152,0.44531,0.45312,4,1,0
4289,1153,0.94531,0.95312,4,1,0
4290,1154,0.039062,0.046875,1,1,0
4291,1155,0.53906,0.54688,1,1,0
4292,1156,0.039062,0.046875,2,1,0
4293,1157,0.53906,0.54688,2,1,0
4294,1158,0.039062,0.046875,3,1,0
4295,1159,0.53906,0.54688,3,1,0
4296,1160,0.039062,0.046875,4,1,0
4297,1161,0.53906,0.54688,4,1,0
4298,1162,0.28906,0.29688,1,1,0
4299,1163,0.78906,0.79688,1,1,0
4300,1164,0.28906,0.29688,2,1,0
4301,1165,0.78906,0.79688,2,1,0
4302,1166,0.28906,0.29688,3,1,0
4303,1167,0.78906,0.79688,3,1,0
4304,1168,0.28906,0.29688,4,1,0
4305,1169,0.78906,0.79688,4,1,0
4306,1170,0.16406,0.17188,1,1,0
4307,1171,0.66406,0.67188,1,1,0
4308,1172,0.16406,0.17188,2,1,0
4309,1173,0.66406,0.67188,2,1,0
4310,1174,0.16406,0.17188,3,1,0
4311,1175,0.66406,0.67188,3,1,0
4312,1176,0.16406,0.17188,4,1,0
4313,1177,0.66406,0.67188,4,1,0
4314,1178,0.41406,0.42188,1,1,0
4315,1179,0.91406,0.92188,1,1,0
4316,1180,0.41406,0.42188,2,1,0
4317,1181,0.91406,0.92188,2,1,0
4318,1182,0.41406,0.42188,3,1,0
4319,1183,0.91406,0.92188,3,1,0
4320,1184,0.41406,0.42188,4,1,0
4321,1185,0.91406,0.92188,4,1,0
4322,1186,0.10156,0.10938,1,1,0
4323,1187,0.60156,0.60938,1,1,0
4324,1188,0.10156,0.10938,2,1,0
4325,1189,0.60156,0.60938,2,1,0
4326,1190,0.10156,0.10938,3,1,0
4327,1191,0.60156,0.60938,3,1,0
4328,1192,0.10156,0.10938,4,1,0
4329,1193,0.60156,0.60938,4,1,0
4330,1194,0.35156,0.35938,1,1,0
4331,1195,0.85156,0.85938,1,1,0
4332,1196,0.35156,0.35938,2,1,0
4333,1197,0.85156,0.85938,2,1,0
4334,1198,0.35156,0.35938,3,1,0
4335,1199,0.85156,0.85938,3,1,0
4336,1200,0.35156,0.35938,4,1,0
4337,1201,0.85156,0.85938,4,1,0
4338,1202,0.22656,0.23438,1,1,0
4339,1203,0.72656,0.73438,1,1,0
4340,1204,0.22656,0.23438,2,1,0
4341,1205,0.72656,0.73438,2,1,0
4342,1206,0.22656,0.23438,3,1,0
4343,1207,0.72656,0.73438,3,1,0
4344,1208,0.22656,0.23438,4,1,0
4345,1209,0.72656,0.73438,4,1,0
4346,1210,0.47656,0.48438,1,1,0
4347,1211,0.97656,0.98438,1,1,0
4348,1212,0.47656,0.48438,2,1,0
4349,1213,0.97656,0.98438,2,1,0
4350,1214,0.47656,0.48438,3,1,0
4351,1215,0.97656,0.98438,3,1,0
4352,1216,0.47656,0.48438,4,1,0
4353,1217,0.97656,0.98438,4,1,0
4354,290,0.023438,0.03125,1,1,0
4355,291,0.52344,0.53125,1,1,0
4356,292,0.023438,0.03125,2,1,0
4357,293,0.52344,0.53125,2,1,0
4358,294,0.023438,0.03125,3,1,0
4359,295,0.52344,0.53125,3,1,0
4360,296,0.023438,0.03125,4,1,0
4361,297,0.52344,0.53125,4,1,0
4362,298,0.27344,0.28125,1,1,0
4363,299,0.77344,0.78125,1,1,0
4364,300,0.27344,0.28125,2,1,0
4365,301,0.77344,0.78125,2,1,0
4366,302,0.27344,0.28125,3,1,0
4367,303,0.77344,0.78125,3,1,0
4368,304,0.27344,0.28125,4,1,0
4369,305,0.77344,0.78125,4,1,0
4370,306,0.14844,0.15625,1,1,0
4371,307,0.64844,0.65625,1,1,0
4372,308,0.14844,0.15625,2,1,0
4373,309,0.64844,0.65625,2,1,0
4374,310,0.14844,0.15625,3,1,0
4375,311,0.64844,0.65625,3,1,0
4376,312,0.14844,0.15625,4,1,0
4377,313,0.64844,0.65625,4,1,0
4378,314,0.39844,0.40625,1,1,0
4379,315,0.89844,0.90625,1,1,0
4380,316,0.39844,0.40625,2,1,0
4381,317,0.89844,0.90625,2,1,0
4382,318,0.39844,0.40625,3,1,0
4383,319,0.89844,0.90625,3,1,0
4384,320,0.39844,0.40625,4,1,0
4385,321,0.89844,0.90625,4,1,0
4386,322,0.085938,0.09375,1,1,0
4387,323,0.58594,0.59375,1,1,0
4388,324,0.085938,0.09375,2,1,0
4389,325,0.58594,0.59375,2,1,0
4390,326,0.085938,0.09375,3,1,0
4391,327,0.58594,0.59375,3,1,0
4392,328,0.085938,0.09375,4,1,0
4393,329,0.58594,0.59375,4,1,0
4394,330,0.33594,0.34375,1,1,0
4395,331,0.83594,0.84375,1,1,0
4396,332,0.33594,0.34375,2,1,0
4397,333,0.83594,0.84375,2,1,0
4398,334,0.33594,0.34375,3,1,0
4399,335,0.83594,0.84375,3,1,0
4400,336,0.33594,0.34375,4,1,0
4401,337,0.83594,0.84375,4,1,0
4402,338,0.21094,0.21875,1,1,0
4403,339,0.71094,0.71875,1,1,0
4404,340,0.21094,0.21875,2,1,0
4405,341,0.71094,0.71875,2,1,0
4406,342,0.21094,0.21875,3,1,0
4407,343,0.71094,0.71875,3,1,0
4408,344,0.21094,0.21875,4,1,0
4409,345,0.71094,0.71875,4,1,0
4410,346,0.46094,0.46875,1,1,0
4411,347,0.96094,0.96875,1,1,0
4412,348,0.46094,0.46875,2,1,0
4413,349,0.96094,0.96875,2,1,0
4414,350,0.46094,0.46875,3,1,0
4415,351,0.96094,0.96875,3,1,0
4416,352,0.46094,0.46875,4,1,0
4417,353,0.96094,0.96875,4,1,0
4418,82,0.054688,0.0625,1,1,0
4419,83,0.55469,0.5625,1,1,0
4420,84,0.054688,0.0625,2,1,0
4421,85,0.55469,0.5625,2,1,0
4422,86,0.054688,0.0625,3,1,0
4423,87,0.55469,0.5625,3,1,0
4424,88,0.054688,0.0625,4,1,0
4425,89,0.55469,0.5625,4,1,0
4426,90,0.30469,0.3125,1,1,0
4427,91,0.80469,0.8125,1,1,0
4428,92,0.30469,0.3125,2,1,0
4429,93,0.80469,0.8125,2,1,0
4430,94,0.30469,0.3125,3,1,0
4431,95,0.80469,0.8125,3,1,0
4432,96,0.30469,0.3125,4,1,0
4433,97,0.80469,0.8125,4,1,0
4434,98,0.17969,0.1875,1,1,0
4435,99,0.67969,0.6875,1,1,0
4436,100,0.17969,0.1875,2,1,0
4437,101,0.67969,0.6875,2,1,0
4438,102,0.17969,0.1875,3,1,0
4439,103,0.67969,0.6875,3,1,0
4440,104,0.17969,0.1875,4,1,0
4441,105,0.67969,0.6875,4,1,0
4442,106,0.42969,0.4375,1,1,0
4443,107,0.92969,0.9375,1,1,0
4444,108,0.42969,0.4375,2,1,0
4445,109,0.92969,0.9375,2,1,0
4446,110,0.42969,0.4375,3,1,0
4447,111,0.92969,0.9375,3,1,0
4448,112,0.42969,0.4375,4,1,0
4449,113,0.92969,0.9375,4,1,0
4450,26,0.11719,0.125,1,1,0
4451,27,0.61719,0.625,1,1,0
4452,28,0.11719,0.125,2,1,0
4453,29,0.61719,0.625,2,1,0
4454,30,0.11719,0.125,3,1,0
4455,31,0.61719,0.625,3,1,0
4456,32,0.11719,0.125,4,1,0
4457,33,0.61719,0.625,4,1,0
4458,34,0.36719,0.375,1,1,0
4459,35,0.86719,0.875,1,1,0
4460,36,0.36719,0.375,2,1,0
4461,37,0.86719,0.875,2,1,0
4462,38,0.36719,0.375,3,1,0
4463,39,0.86719,0.875,3,1,0
4464,40,0.36719,0.375,4,1,0
4465,41,0.86719,0.875,4,1,0
4466,10,0.24219,0.25,1,1,0
4467,11,0.74219,0.75,1,1,0
4468,12,0.24219,0.25,2,1,0
4469,13,0.74219,0.75,2,1,0
4470,14,0.24219,0.25,3,1,0
4471,15,0.74219,0.75,3,1,0
4472,16,0.24219,0.25,4,1,0
4473,17,0.74219,0.75,4,1,0
4474,5,0.49219,0.5,1,1,0
4475,2,0.99219,1,1,1,0
4476,6,0.49219,0.5,2,1,0
4477,3,0.99219,1,2,1,0
4478,7,0.49219,0.5,3,1,0
4479,4,0.99219,1,3,1,0
4480,8,0.49219,0.5,4,1,0
4481,1,0.99219,1,4,1,0
