0 
0 
0 
0 
0 
0 
0 
0 
0 
0 
0 
0 
0 
0 
0 
0 
0 
0 
0 
0 
999722 
999719 
999829 
999826 
0 
999846 
0 
0 
0 
0 
0 
0 
0 
0 
0 
0 
0 
0 
999784 
0 
0 
0 
0 
0 
0 
0 
0 
0 
0 
0 
0 
0 
0 
0 
0 
0 
0 
0 
0 
0 
0 
0 
0 
0 
0 
0 
0 
0 
0 
0 
0 
0 
0 
0 
0 
0 
0 
0 
0 
0 
0 
0 
0 
0 
0 
0 
0 
0 
0 
0 
0 
0 
0 
0 
0 
0 
0 
0 
0 
0 
0 
0 
0 
0 
0 
0 
0 
0 
0 
0 
0 
0 
0 
0 
0 
41.7292 
0 
0 
0 
0 
0 
112.509 
0 
0 
0 
0 
0 
0 
0 
0 
0 
0 
0 
0 
0 
0 
0 
0 
0 
0 
0 
0 
0 
0 
0 
0 
0 
0 
0 
0 
0 
0 
0 
0 
0 
0 
0 
0 
158.862 
0 
26.933 
0 
0 
56.9229 
0 
0 
0 
0 
0 
0 
0 
0 
0 
0 
203.437 
0 
0 
0 
0 
0 
0 
0 
0 
0 
0 
0 
0 
0 
0 
0 
0 
0 
0 
0 
77.3236 
0 
0 
0 
0 
0 
0 
0 
0 
0 
52.7908 
0 
0 
0 
0 
0 
0 
0 
0 
0 
0 
0 
0 
0 
0 
0 
0 
0 
0 
0 
118.374 
0 
0 
0 
0 
0 
0 
0 
0 
0 
160.129 
0 
0 
0 
0 
0 
0 
0 
0 
0 
0 
0 
0 
0 
13.5444 
0 
0 
0 
0 
251.139 
0 
0 
0 
0 
0 
0 
0 
0 
0 
0 
0 
0 
0 
0 
0 
0 
0 
0 
0 
0 
0 
0 
0 
0 
0 
0 
0 
0 
0 
0 
0 
0 
0 
0 
0 
